Array s_box_offset_lut{
    Array{
        Array{
            0,
            -1,
            -1,
            -1,
            -1,
            -1,
            -1,
            -1,
            -1,
            -1,
            -1,
            -1,
        },
        Array{
            16,
            -1,
            -1,
            -1,
            -1,
            -1,
            -1,
            -1,
            -1,
            -1,
            -1,
            -1,
        },
        Array{
            32,
            -1,
            -1,
            -1,
            -1,
            -1,
            -1,
            -1,
            -1,
            -1,
            -1,
            -1,
        },
        Array{
            48,
            -1,
            -1,
            -1,
            -1,
            -1,
            -1,
            -1,
            -1,
            -1,
            -1,
            -1,
        },
        Array{
            64,
            -1,
            -1,
            -1,
            -1,
            -1,
            -1,
            -1,
            -1,
            -1,
            -1,
            -1,
        },
        Array{
            80,
            -1,
            -1,
            -1,
            -1,
            -1,
            -1,
            -1,
            -1,
            -1,
            -1,
            -1,
        },
        Array{
            96,
            -1,
            -1,
            -1,
            -1,
            -1,
            -1,
            -1,
            -1,
            -1,
            -1,
            -1,
        },
        Array{
            112,
            -1,
            -1,
            -1,
            -1,
            -1,
            -1,
            -1,
            -1,
            -1,
            -1,
            -1,
        },
        Array{
            128,
            -1,
            -1,
            -1,
            -1,
            -1,
            -1,
            -1,
            -1,
            -1,
            -1,
            -1,
        },
        Array{
            144,
            -1,
            -1,
            -1,
            -1,
            -1,
            -1,
            -1,
            -1,
            -1,
            -1,
            -1,
        },
        Array{
            160,
            -1,
            -1,
            -1,
            -1,
            -1,
            -1,
            -1,
            -1,
            -1,
            -1,
            -1,
        },
        Array{
            176,
            -1,
            -1,
            -1,
            -1,
            -1,
            -1,
            -1,
            -1,
            -1,
            -1,
            -1,
        },
        Array{
            192,
            -1,
            -1,
            -1,
            -1,
            -1,
            -1,
            -1,
            -1,
            -1,
            -1,
            -1,
        },
    },
    Array{
        Array{
            208,
            -1,
            -1,
            -1,
            -1,
            -1,
            -1,
            -1,
            -1,
            -1,
            -1,
            -1,
        },
        Array{
            236,
            264,
            -1,
            -1,
            -1,
            -1,
            -1,
            -1,
            -1,
            -1,
            -1,
            -1,
        },
        Array{
            292,
            320,
            -1,
            -1,
            -1,
            -1,
            -1,
            -1,
            -1,
            -1,
            -1,
            -1,
        },
        Array{
            348,
            376,
            -1,
            -1,
            -1,
            -1,
            -1,
            -1,
            -1,
            -1,
            -1,
            -1,
        },
        Array{
            404,
            432,
            -1,
            -1,
            -1,
            -1,
            -1,
            -1,
            -1,
            -1,
            -1,
            -1,
        },
        Array{
            460,
            488,
            -1,
            -1,
            -1,
            -1,
            -1,
            -1,
            -1,
            -1,
            -1,
            -1,
        },
        Array{
            516,
            544,
            -1,
            -1,
            -1,
            -1,
            -1,
            -1,
            -1,
            -1,
            -1,
            -1,
        },
        Array{
            572,
            600,
            -1,
            -1,
            -1,
            -1,
            -1,
            -1,
            -1,
            -1,
            -1,
            -1,
        },
        Array{
            628,
            656,
            -1,
            -1,
            -1,
            -1,
            -1,
            -1,
            -1,
            -1,
            -1,
            -1,
        },
        Array{
            684,
            712,
            -1,
            -1,
            -1,
            -1,
            -1,
            -1,
            -1,
            -1,
            -1,
            -1,
        },
        Array{
            740,
            768,
            -1,
            -1,
            -1,
            -1,
            -1,
            -1,
            -1,
            -1,
            -1,
            -1,
        },
        Array{
            796,
            824,
            -1,
            -1,
            -1,
            -1,
            -1,
            -1,
            -1,
            -1,
            -1,
            -1,
        },
        Array{
            852,
            880,
            -1,
            -1,
            -1,
            -1,
            -1,
            -1,
            -1,
            -1,
            -1,
            -1,
        },
    },
    Array{
        Array{
            908,
            -1,
            -1,
            -1,
            -1,
            -1,
            -1,
            -1,
            -1,
            -1,
            -1,
            -1,
        },
        Array{
            960,
            1012,
            -1,
            -1,
            -1,
            -1,
            -1,
            -1,
            -1,
            -1,
            -1,
            -1,
        },
        Array{
            1064,
            1116,
            1168,
            -1,
            -1,
            -1,
            -1,
            -1,
            -1,
            -1,
            -1,
            -1,
        },
        Array{
            1220,
            1272,
            1324,
            -1,
            -1,
            -1,
            -1,
            -1,
            -1,
            -1,
            -1,
            -1,
        },
        Array{
            1376,
            1428,
            1480,
            -1,
            -1,
            -1,
            -1,
            -1,
            -1,
            -1,
            -1,
            -1,
        },
        Array{
            1532,
            1584,
            1636,
            -1,
            -1,
            -1,
            -1,
            -1,
            -1,
            -1,
            -1,
            -1,
        },
        Array{
            1688,
            1740,
            1792,
            -1,
            -1,
            -1,
            -1,
            -1,
            -1,
            -1,
            -1,
            -1,
        },
        Array{
            1844,
            1896,
            1948,
            -1,
            -1,
            -1,
            -1,
            -1,
            -1,
            -1,
            -1,
            -1,
        },
        Array{
            2000,
            2052,
            2104,
            -1,
            -1,
            -1,
            -1,
            -1,
            -1,
            -1,
            -1,
            -1,
        },
        Array{
            2156,
            2208,
            2260,
            -1,
            -1,
            -1,
            -1,
            -1,
            -1,
            -1,
            -1,
            -1,
        },
        Array{
            2312,
            2364,
            2416,
            -1,
            -1,
            -1,
            -1,
            -1,
            -1,
            -1,
            -1,
            -1,
        },
        Array{
            2468,
            2520,
            2572,
            -1,
            -1,
            -1,
            -1,
            -1,
            -1,
            -1,
            -1,
            -1,
        },
        Array{
            2624,
            2676,
            2728,
            -1,
            -1,
            -1,
            -1,
            -1,
            -1,
            -1,
            -1,
            -1,
        },
    },
    Array{
        Array{
            2780,
            -1,
            -1,
            -1,
            -1,
            -1,
            -1,
            -1,
            -1,
            -1,
            -1,
            -1,
        },
        Array{
            2880,
            2980,
            -1,
            -1,
            -1,
            -1,
            -1,
            -1,
            -1,
            -1,
            -1,
            -1,
        },
        Array{
            3080,
            3180,
            3280,
            -1,
            -1,
            -1,
            -1,
            -1,
            -1,
            -1,
            -1,
            -1,
        },
        Array{
            3380,
            3480,
            3580,
            3680,
            -1,
            -1,
            -1,
            -1,
            -1,
            -1,
            -1,
            -1,
        },
        Array{
            3780,
            3880,
            3980,
            4080,
            -1,
            -1,
            -1,
            -1,
            -1,
            -1,
            -1,
            -1,
        },
        Array{
            4180,
            4280,
            4380,
            4480,
            -1,
            -1,
            -1,
            -1,
            -1,
            -1,
            -1,
            -1,
        },
        Array{
            4580,
            4680,
            4780,
            4880,
            -1,
            -1,
            -1,
            -1,
            -1,
            -1,
            -1,
            -1,
        },
        Array{
            4980,
            5080,
            5180,
            5280,
            -1,
            -1,
            -1,
            -1,
            -1,
            -1,
            -1,
            -1,
        },
        Array{
            5380,
            5480,
            5580,
            5680,
            -1,
            -1,
            -1,
            -1,
            -1,
            -1,
            -1,
            -1,
        },
        Array{
            5780,
            5880,
            5980,
            6080,
            -1,
            -1,
            -1,
            -1,
            -1,
            -1,
            -1,
            -1,
        },
        Array{
            6180,
            6280,
            6380,
            6480,
            -1,
            -1,
            -1,
            -1,
            -1,
            -1,
            -1,
            -1,
        },
        Array{
            6580,
            6680,
            6780,
            6880,
            -1,
            -1,
            -1,
            -1,
            -1,
            -1,
            -1,
            -1,
        },
        Array{
            6980,
            7080,
            7180,
            7280,
            -1,
            -1,
            -1,
            -1,
            -1,
            -1,
            -1,
            -1,
        },
    },
    Array{
        Array{
            7380,
            -1,
            -1,
            -1,
            -1,
            -1,
            -1,
            -1,
            -1,
            -1,
            -1,
            -1,
        },
        Array{
            7576,
            7772,
            -1,
            -1,
            -1,
            -1,
            -1,
            -1,
            -1,
            -1,
            -1,
            -1,
        },
        Array{
            7968,
            8164,
            8360,
            -1,
            -1,
            -1,
            -1,
            -1,
            -1,
            -1,
            -1,
            -1,
        },
        Array{
            8556,
            8752,
            8948,
            9144,
            -1,
            -1,
            -1,
            -1,
            -1,
            -1,
            -1,
            -1,
        },
        Array{
            9340,
            9536,
            9732,
            9928,
            10124,
            -1,
            -1,
            -1,
            -1,
            -1,
            -1,
            -1,
        },
        Array{
            10320,
            10516,
            10712,
            10908,
            11104,
            -1,
            -1,
            -1,
            -1,
            -1,
            -1,
            -1,
        },
        Array{
            11300,
            11496,
            11692,
            11888,
            12084,
            -1,
            -1,
            -1,
            -1,
            -1,
            -1,
            -1,
        },
        Array{
            12280,
            12476,
            12672,
            12868,
            13064,
            -1,
            -1,
            -1,
            -1,
            -1,
            -1,
            -1,
        },
        Array{
            13260,
            13456,
            13652,
            13848,
            14044,
            -1,
            -1,
            -1,
            -1,
            -1,
            -1,
            -1,
        },
        Array{
            14240,
            14436,
            14632,
            14828,
            15024,
            -1,
            -1,
            -1,
            -1,
            -1,
            -1,
            -1,
        },
        Array{
            15220,
            15416,
            15612,
            15808,
            16004,
            -1,
            -1,
            -1,
            -1,
            -1,
            -1,
            -1,
        },
        Array{
            16200,
            16396,
            16592,
            16788,
            16984,
            -1,
            -1,
            -1,
            -1,
            -1,
            -1,
            -1,
        },
        Array{
            17180,
            17376,
            17572,
            17768,
            17964,
            -1,
            -1,
            -1,
            -1,
            -1,
            -1,
            -1,
        },
    },
    Array{
        Array{
            18160,
            -1,
            -1,
            -1,
            -1,
            -1,
            -1,
            -1,
            -1,
            -1,
            -1,
            -1,
        },
        Array{
            18548,
            18936,
            -1,
            -1,
            -1,
            -1,
            -1,
            -1,
            -1,
            -1,
            -1,
            -1,
        },
        Array{
            19324,
            19712,
            20100,
            -1,
            -1,
            -1,
            -1,
            -1,
            -1,
            -1,
            -1,
            -1,
        },
        Array{
            20488,
            20876,
            21264,
            21652,
            -1,
            -1,
            -1,
            -1,
            -1,
            -1,
            -1,
            -1,
        },
        Array{
            22040,
            22428,
            22816,
            23204,
            23592,
            -1,
            -1,
            -1,
            -1,
            -1,
            -1,
            -1,
        },
        Array{
            23980,
            24368,
            24756,
            25144,
            25532,
            25920,
            -1,
            -1,
            -1,
            -1,
            -1,
            -1,
        },
        Array{
            26308,
            26696,
            27084,
            27472,
            27860,
            28248,
            -1,
            -1,
            -1,
            -1,
            -1,
            -1,
        },
        Array{
            28636,
            29024,
            29412,
            29800,
            30188,
            30576,
            -1,
            -1,
            -1,
            -1,
            -1,
            -1,
        },
        Array{
            30964,
            31352,
            31740,
            32128,
            32516,
            32904,
            -1,
            -1,
            -1,
            -1,
            -1,
            -1,
        },
        Array{
            33292,
            33680,
            34068,
            34456,
            34844,
            35232,
            -1,
            -1,
            -1,
            -1,
            -1,
            -1,
        },
        Array{
            35620,
            36008,
            36396,
            36784,
            37172,
            37560,
            -1,
            -1,
            -1,
            -1,
            -1,
            -1,
        },
        Array{
            37948,
            38336,
            38724,
            39112,
            39500,
            39888,
            -1,
            -1,
            -1,
            -1,
            -1,
            -1,
        },
        Array{
            40276,
            40664,
            41052,
            41440,
            41828,
            42216,
            -1,
            -1,
            -1,
            -1,
            -1,
            -1,
        },
    },
    Array{
        Array{
            42604,
            -1,
            -1,
            -1,
            -1,
            -1,
            -1,
            -1,
            -1,
            -1,
            -1,
            -1,
        },
        Array{
            43376,
            44148,
            -1,
            -1,
            -1,
            -1,
            -1,
            -1,
            -1,
            -1,
            -1,
            -1,
        },
        Array{
            44920,
            45692,
            46464,
            -1,
            -1,
            -1,
            -1,
            -1,
            -1,
            -1,
            -1,
            -1,
        },
        Array{
            47236,
            48008,
            48780,
            49552,
            -1,
            -1,
            -1,
            -1,
            -1,
            -1,
            -1,
            -1,
        },
        Array{
            50324,
            51096,
            51868,
            52640,
            53412,
            -1,
            -1,
            -1,
            -1,
            -1,
            -1,
            -1,
        },
        Array{
            54184,
            54956,
            55728,
            56500,
            57272,
            58044,
            -1,
            -1,
            -1,
            -1,
            -1,
            -1,
        },
        Array{
            58816,
            59588,
            60360,
            61132,
            61904,
            62676,
            63448,
            -1,
            -1,
            -1,
            -1,
            -1,
        },
        Array{
            64220,
            64992,
            65764,
            66536,
            67308,
            68080,
            68852,
            -1,
            -1,
            -1,
            -1,
            -1,
        },
        Array{
            69624,
            70396,
            71168,
            71940,
            72712,
            73484,
            74256,
            -1,
            -1,
            -1,
            -1,
            -1,
        },
        Array{
            75028,
            75800,
            76572,
            77344,
            78116,
            78888,
            79660,
            -1,
            -1,
            -1,
            -1,
            -1,
        },
        Array{
            80432,
            81204,
            81976,
            82748,
            83520,
            84292,
            85064,
            -1,
            -1,
            -1,
            -1,
            -1,
        },
        Array{
            85836,
            86608,
            87380,
            88152,
            88924,
            89696,
            90468,
            -1,
            -1,
            -1,
            -1,
            -1,
        },
        Array{
            91240,
            92012,
            92784,
            93556,
            94328,
            95100,
            95872,
            -1,
            -1,
            -1,
            -1,
            -1,
        },
    },
    Array{
        Array{
            96644,
            -1,
            -1,
            -1,
            -1,
            -1,
            -1,
            -1,
            -1,
            -1,
            -1,
            -1,
        },
        Array{
            98184,
            99724,
            -1,
            -1,
            -1,
            -1,
            -1,
            -1,
            -1,
            -1,
            -1,
            -1,
        },
        Array{
            101264,
            102804,
            104344,
            -1,
            -1,
            -1,
            -1,
            -1,
            -1,
            -1,
            -1,
            -1,
        },
        Array{
            105884,
            107424,
            108964,
            110504,
            -1,
            -1,
            -1,
            -1,
            -1,
            -1,
            -1,
            -1,
        },
        Array{
            112044,
            113584,
            115124,
            116664,
            118204,
            -1,
            -1,
            -1,
            -1,
            -1,
            -1,
            -1,
        },
        Array{
            119744,
            121284,
            122824,
            124364,
            125904,
            127444,
            -1,
            -1,
            -1,
            -1,
            -1,
            -1,
        },
        Array{
            128984,
            130524,
            132064,
            133604,
            135144,
            136684,
            138224,
            -1,
            -1,
            -1,
            -1,
            -1,
        },
        Array{
            139764,
            141304,
            142844,
            144384,
            145924,
            147464,
            149004,
            150544,
            -1,
            -1,
            -1,
            -1,
        },
        Array{
            152084,
            153624,
            155164,
            156704,
            158244,
            159784,
            161324,
            162864,
            -1,
            -1,
            -1,
            -1,
        },
        Array{
            164404,
            165944,
            167484,
            169024,
            170564,
            172104,
            173644,
            175184,
            -1,
            -1,
            -1,
            -1,
        },
        Array{
            176724,
            178264,
            179804,
            181344,
            182884,
            184424,
            185964,
            187504,
            -1,
            -1,
            -1,
            -1,
        },
        Array{
            189044,
            190584,
            192124,
            193664,
            195204,
            196744,
            198284,
            199824,
            -1,
            -1,
            -1,
            -1,
        },
        Array{
            201364,
            202904,
            204444,
            205984,
            207524,
            209064,
            210604,
            212144,
            -1,
            -1,
            -1,
            -1,
        },
    },
    Array{
        Array{
            213684,
            -1,
            -1,
            -1,
            -1,
            -1,
            -1,
            -1,
            -1,
            -1,
            -1,
            -1,
        },
        Array{
            216760,
            219836,
            -1,
            -1,
            -1,
            -1,
            -1,
            -1,
            -1,
            -1,
            -1,
            -1,
        },
        Array{
            222912,
            225988,
            229064,
            -1,
            -1,
            -1,
            -1,
            -1,
            -1,
            -1,
            -1,
            -1,
        },
        Array{
            232140,
            235216,
            238292,
            241368,
            -1,
            -1,
            -1,
            -1,
            -1,
            -1,
            -1,
            -1,
        },
        Array{
            244444,
            247520,
            250596,
            253672,
            256748,
            -1,
            -1,
            -1,
            -1,
            -1,
            -1,
            -1,
        },
        Array{
            259824,
            262900,
            265976,
            269052,
            272128,
            275204,
            -1,
            -1,
            -1,
            -1,
            -1,
            -1,
        },
        Array{
            278280,
            281356,
            284432,
            287508,
            290584,
            293660,
            296736,
            -1,
            -1,
            -1,
            -1,
            -1,
        },
        Array{
            299812,
            302888,
            305964,
            309040,
            312116,
            315192,
            318268,
            321344,
            -1,
            -1,
            -1,
            -1,
        },
        Array{
            324420,
            327496,
            330572,
            333648,
            336724,
            339800,
            342876,
            345952,
            349028,
            -1,
            -1,
            -1,
        },
        Array{
            352104,
            355180,
            358256,
            361332,
            364408,
            367484,
            370560,
            373636,
            376712,
            -1,
            -1,
            -1,
        },
        Array{
            379788,
            382864,
            385940,
            389016,
            392092,
            395168,
            398244,
            401320,
            404396,
            -1,
            -1,
            -1,
        },
        Array{
            407472,
            410548,
            413624,
            416700,
            419776,
            422852,
            425928,
            429004,
            432080,
            -1,
            -1,
            -1,
        },
        Array{
            435156,
            438232,
            441308,
            444384,
            447460,
            450536,
            453612,
            456688,
            459764,
            -1,
            -1,
            -1,
        },
    },
    Array{
        Array{
            462840,
            -1,
            -1,
            -1,
            -1,
            -1,
            -1,
            -1,
            -1,
            -1,
            -1,
            -1,
        },
        Array{
            468988,
            475136,
            -1,
            -1,
            -1,
            -1,
            -1,
            -1,
            -1,
            -1,
            -1,
            -1,
        },
        Array{
            481284,
            487432,
            493580,
            -1,
            -1,
            -1,
            -1,
            -1,
            -1,
            -1,
            -1,
            -1,
        },
        Array{
            499728,
            505876,
            512024,
            518172,
            -1,
            -1,
            -1,
            -1,
            -1,
            -1,
            -1,
            -1,
        },
        Array{
            524320,
            530468,
            536616,
            542764,
            548912,
            -1,
            -1,
            -1,
            -1,
            -1,
            -1,
            -1,
        },
        Array{
            555060,
            561208,
            567356,
            573504,
            579652,
            585800,
            -1,
            -1,
            -1,
            -1,
            -1,
            -1,
        },
        Array{
            591948,
            598096,
            604244,
            610392,
            616540,
            622688,
            628836,
            -1,
            -1,
            -1,
            -1,
            -1,
        },
        Array{
            634984,
            641132,
            647280,
            653428,
            659576,
            665724,
            671872,
            678020,
            -1,
            -1,
            -1,
            -1,
        },
        Array{
            684168,
            690316,
            696464,
            702612,
            708760,
            714908,
            721056,
            727204,
            733352,
            -1,
            -1,
            -1,
        },
        Array{
            739500,
            745648,
            751796,
            757944,
            764092,
            770240,
            776388,
            782536,
            788684,
            794832,
            -1,
            -1,
        },
        Array{
            800980,
            807128,
            813276,
            819424,
            825572,
            831720,
            837868,
            844016,
            850164,
            856312,
            -1,
            -1,
        },
        Array{
            862460,
            868608,
            874756,
            880904,
            887052,
            893200,
            899348,
            905496,
            911644,
            917792,
            -1,
            -1,
        },
        Array{
            923940,
            930088,
            936236,
            942384,
            948532,
            954680,
            960828,
            966976,
            973124,
            979272,
            -1,
            -1,
        },
    },
    Array{
        Array{
            985420,
            -1,
            -1,
            -1,
            -1,
            -1,
            -1,
            -1,
            -1,
            -1,
            -1,
            -1,
        },
        Array{
            997712,
            1010004,
            -1,
            -1,
            -1,
            -1,
            -1,
            -1,
            -1,
            -1,
            -1,
            -1,
        },
        Array{
            1022296,
            1034588,
            1046880,
            -1,
            -1,
            -1,
            -1,
            -1,
            -1,
            -1,
            -1,
            -1,
        },
        Array{
            1059172,
            1071464,
            1083756,
            1096048,
            -1,
            -1,
            -1,
            -1,
            -1,
            -1,
            -1,
            -1,
        },
        Array{
            1108340,
            1120632,
            1132924,
            1145216,
            1157508,
            -1,
            -1,
            -1,
            -1,
            -1,
            -1,
            -1,
        },
        Array{
            1169800,
            1182092,
            1194384,
            1206676,
            1218968,
            1231260,
            -1,
            -1,
            -1,
            -1,
            -1,
            -1,
        },
        Array{
            1243552,
            1255844,
            1268136,
            1280428,
            1292720,
            1305012,
            1317304,
            -1,
            -1,
            -1,
            -1,
            -1,
        },
        Array{
            1329596,
            1341888,
            1354180,
            1366472,
            1378764,
            1391056,
            1403348,
            1415640,
            -1,
            -1,
            -1,
            -1,
        },
        Array{
            1427932,
            1440224,
            1452516,
            1464808,
            1477100,
            1489392,
            1501684,
            1513976,
            1526268,
            -1,
            -1,
            -1,
        },
        Array{
            1538560,
            1550852,
            1563144,
            1575436,
            1587728,
            1600020,
            1612312,
            1624604,
            1636896,
            1649188,
            -1,
            -1,
        },
        Array{
            1661480,
            1673772,
            1686064,
            1698356,
            1710648,
            1722940,
            1735232,
            1747524,
            1759816,
            1772108,
            1784400,
            -1,
        },
        Array{
            1796692,
            1808984,
            1821276,
            1833568,
            1845860,
            1858152,
            1870444,
            1882736,
            1895028,
            1907320,
            1919612,
            -1,
        },
        Array{
            1931904,
            1944196,
            1956488,
            1968780,
            1981072,
            1993364,
            2005656,
            2017948,
            2030240,
            2042532,
            2054824,
            -1,
        },
    },
    Array{
        Array{
            2067116,
            -1,
            -1,
            -1,
            -1,
            -1,
            -1,
            -1,
            -1,
            -1,
            -1,
            -1,
        },
        Array{
            2091696,
            2116276,
            -1,
            -1,
            -1,
            -1,
            -1,
            -1,
            -1,
            -1,
            -1,
            -1,
        },
        Array{
            2140856,
            2165436,
            2190016,
            -1,
            -1,
            -1,
            -1,
            -1,
            -1,
            -1,
            -1,
            -1,
        },
        Array{
            2214596,
            2239176,
            2263756,
            2288336,
            -1,
            -1,
            -1,
            -1,
            -1,
            -1,
            -1,
            -1,
        },
        Array{
            2312916,
            2337496,
            2362076,
            2386656,
            2411236,
            -1,
            -1,
            -1,
            -1,
            -1,
            -1,
            -1,
        },
        Array{
            2435816,
            2460396,
            2484976,
            2509556,
            2534136,
            2558716,
            -1,
            -1,
            -1,
            -1,
            -1,
            -1,
        },
        Array{
            2583296,
            2607876,
            2632456,
            2657036,
            2681616,
            2706196,
            2730776,
            -1,
            -1,
            -1,
            -1,
            -1,
        },
        Array{
            2755356,
            2779936,
            2804516,
            2829096,
            2853676,
            2878256,
            2902836,
            2927416,
            -1,
            -1,
            -1,
            -1,
        },
        Array{
            2951996,
            2976576,
            3001156,
            3025736,
            3050316,
            3074896,
            3099476,
            3124056,
            3148636,
            -1,
            -1,
            -1,
        },
        Array{
            3173216,
            3197796,
            3222376,
            3246956,
            3271536,
            3296116,
            3320696,
            3345276,
            3369856,
            3394436,
            -1,
            -1,
        },
        Array{
            3419016,
            3443596,
            3468176,
            3492756,
            3517336,
            3541916,
            3566496,
            3591076,
            3615656,
            3640236,
            3664816,
            -1,
        },
        Array{
            3689396,
            3713976,
            3738556,
            3763136,
            3787716,
            3812296,
            3836876,
            3861456,
            3886036,
            3910616,
            3935196,
            3959776,
        },
        Array{
            3984356,
            4008936,
            4033516,
            4058096,
            4082676,
            4107256,
            4131836,
            4156416,
            4180996,
            4205576,
            4230156,
            4254736,
        },
    },
    Array{
        Array{
            4279316,
            -1,
            -1,
            -1,
            -1,
            -1,
            -1,
            -1,
            -1,
            -1,
            -1,
            -1,
        },
        Array{
            4328472,
            4377628,
            -1,
            -1,
            -1,
            -1,
            -1,
            -1,
            -1,
            -1,
            -1,
            -1,
        },
        Array{
            4426784,
            4475940,
            4525096,
            -1,
            -1,
            -1,
            -1,
            -1,
            -1,
            -1,
            -1,
            -1,
        },
        Array{
            4574252,
            4623408,
            4672564,
            4721720,
            -1,
            -1,
            -1,
            -1,
            -1,
            -1,
            -1,
            -1,
        },
        Array{
            4770876,
            4820032,
            4869188,
            4918344,
            4967500,
            -1,
            -1,
            -1,
            -1,
            -1,
            -1,
            -1,
        },
        Array{
            5016656,
            5065812,
            5114968,
            5164124,
            5213280,
            5262436,
            -1,
            -1,
            -1,
            -1,
            -1,
            -1,
        },
        Array{
            5311592,
            5360748,
            5409904,
            5459060,
            5508216,
            5557372,
            5606528,
            -1,
            -1,
            -1,
            -1,
            -1,
        },
        Array{
            5655684,
            5704840,
            5753996,
            5803152,
            5852308,
            5901464,
            5950620,
            5999776,
            -1,
            -1,
            -1,
            -1,
        },
        Array{
            6048932,
            6098088,
            6147244,
            6196400,
            6245556,
            6294712,
            6343868,
            6393024,
            6442180,
            -1,
            -1,
            -1,
        },
        Array{
            6491336,
            6540492,
            6589648,
            6638804,
            6687960,
            6737116,
            6786272,
            6835428,
            6884584,
            6933740,
            -1,
            -1,
        },
        Array{
            6982896,
            7032052,
            7081208,
            7130364,
            7179520,
            7228676,
            7277832,
            7326988,
            7376144,
            7425300,
            7474456,
            -1,
        },
        Array{
            7523612,
            7572768,
            7621924,
            7671080,
            7720236,
            7769392,
            7818548,
            7867704,
            7916860,
            7966016,
            8015172,
            8064328,
        },
        Array{
            8113484,
            8162640,
            8211796,
            8260952,
            8310108,
            8359264,
            8408420,
            8457576,
            8506732,
            8555888,
            8605044,
            8654200,
        },
    },
};
Array s_gaussian_offset_lut{
    Array{
        Array{
            8703356,
            -1,
            -1,
            -1,
            -1,
            -1,
            -1,
            -1,
            -1,
            -1,
            -1,
            -1,
        },
        Array{
            8703372,
            -1,
            -1,
            -1,
            -1,
            -1,
            -1,
            -1,
            -1,
            -1,
            -1,
            -1,
        },
        Array{
            8703388,
            -1,
            -1,
            -1,
            -1,
            -1,
            -1,
            -1,
            -1,
            -1,
            -1,
            -1,
        },
        Array{
            8703404,
            -1,
            -1,
            -1,
            -1,
            -1,
            -1,
            -1,
            -1,
            -1,
            -1,
            -1,
        },
        Array{
            8703420,
            -1,
            -1,
            -1,
            -1,
            -1,
            -1,
            -1,
            -1,
            -1,
            -1,
            -1,
        },
        Array{
            8703436,
            -1,
            -1,
            -1,
            -1,
            -1,
            -1,
            -1,
            -1,
            -1,
            -1,
            -1,
        },
        Array{
            8703452,
            -1,
            -1,
            -1,
            -1,
            -1,
            -1,
            -1,
            -1,
            -1,
            -1,
            -1,
        },
        Array{
            8703468,
            -1,
            -1,
            -1,
            -1,
            -1,
            -1,
            -1,
            -1,
            -1,
            -1,
            -1,
        },
        Array{
            8703484,
            -1,
            -1,
            -1,
            -1,
            -1,
            -1,
            -1,
            -1,
            -1,
            -1,
            -1,
        },
        Array{
            8703500,
            -1,
            -1,
            -1,
            -1,
            -1,
            -1,
            -1,
            -1,
            -1,
            -1,
            -1,
        },
        Array{
            8703516,
            -1,
            -1,
            -1,
            -1,
            -1,
            -1,
            -1,
            -1,
            -1,
            -1,
            -1,
        },
        Array{
            8703532,
            -1,
            -1,
            -1,
            -1,
            -1,
            -1,
            -1,
            -1,
            -1,
            -1,
            -1,
        },
        Array{
            8703548,
            -1,
            -1,
            -1,
            -1,
            -1,
            -1,
            -1,
            -1,
            -1,
            -1,
            -1,
        },
    },
    Array{
        Array{
            8703564,
            -1,
            -1,
            -1,
            -1,
            -1,
            -1,
            -1,
            -1,
            -1,
            -1,
            -1,
        },
        Array{
            8703592,
            8703620,
            -1,
            -1,
            -1,
            -1,
            -1,
            -1,
            -1,
            -1,
            -1,
            -1,
        },
        Array{
            8703672,
            8703700,
            -1,
            -1,
            -1,
            -1,
            -1,
            -1,
            -1,
            -1,
            -1,
            -1,
        },
        Array{
            8703752,
            8703780,
            -1,
            -1,
            -1,
            -1,
            -1,
            -1,
            -1,
            -1,
            -1,
            -1,
        },
        Array{
            8703832,
            8703860,
            -1,
            -1,
            -1,
            -1,
            -1,
            -1,
            -1,
            -1,
            -1,
            -1,
        },
        Array{
            8703912,
            8703940,
            -1,
            -1,
            -1,
            -1,
            -1,
            -1,
            -1,
            -1,
            -1,
            -1,
        },
        Array{
            8703992,
            8704020,
            -1,
            -1,
            -1,
            -1,
            -1,
            -1,
            -1,
            -1,
            -1,
            -1,
        },
        Array{
            8704072,
            8704100,
            -1,
            -1,
            -1,
            -1,
            -1,
            -1,
            -1,
            -1,
            -1,
            -1,
        },
        Array{
            8704152,
            8704180,
            -1,
            -1,
            -1,
            -1,
            -1,
            -1,
            -1,
            -1,
            -1,
            -1,
        },
        Array{
            8704232,
            8704260,
            -1,
            -1,
            -1,
            -1,
            -1,
            -1,
            -1,
            -1,
            -1,
            -1,
        },
        Array{
            8704312,
            8704340,
            -1,
            -1,
            -1,
            -1,
            -1,
            -1,
            -1,
            -1,
            -1,
            -1,
        },
        Array{
            8704392,
            8704420,
            -1,
            -1,
            -1,
            -1,
            -1,
            -1,
            -1,
            -1,
            -1,
            -1,
        },
        Array{
            8704472,
            8704500,
            -1,
            -1,
            -1,
            -1,
            -1,
            -1,
            -1,
            -1,
            -1,
            -1,
        },
    },
    Array{
        Array{
            8704552,
            -1,
            -1,
            -1,
            -1,
            -1,
            -1,
            -1,
            -1,
            -1,
            -1,
            -1,
        },
        Array{
            8704604,
            8704656,
            -1,
            -1,
            -1,
            -1,
            -1,
            -1,
            -1,
            -1,
            -1,
            -1,
        },
        Array{
            8704756,
            8704808,
            8704908,
            -1,
            -1,
            -1,
            -1,
            -1,
            -1,
            -1,
            -1,
            -1,
        },
        Array{
            8705032,
            8705084,
            8705184,
            -1,
            -1,
            -1,
            -1,
            -1,
            -1,
            -1,
            -1,
            -1,
        },
        Array{
            8705308,
            8705360,
            8705460,
            -1,
            -1,
            -1,
            -1,
            -1,
            -1,
            -1,
            -1,
            -1,
        },
        Array{
            8705584,
            8705636,
            8705736,
            -1,
            -1,
            -1,
            -1,
            -1,
            -1,
            -1,
            -1,
            -1,
        },
        Array{
            8705860,
            8705912,
            8706012,
            -1,
            -1,
            -1,
            -1,
            -1,
            -1,
            -1,
            -1,
            -1,
        },
        Array{
            8706136,
            8706188,
            8706288,
            -1,
            -1,
            -1,
            -1,
            -1,
            -1,
            -1,
            -1,
            -1,
        },
        Array{
            8706412,
            8706464,
            8706564,
            -1,
            -1,
            -1,
            -1,
            -1,
            -1,
            -1,
            -1,
            -1,
        },
        Array{
            8706688,
            8706740,
            8706840,
            -1,
            -1,
            -1,
            -1,
            -1,
            -1,
            -1,
            -1,
            -1,
        },
        Array{
            8706964,
            8707016,
            8707116,
            -1,
            -1,
            -1,
            -1,
            -1,
            -1,
            -1,
            -1,
            -1,
        },
        Array{
            8707240,
            8707292,
            8707392,
            -1,
            -1,
            -1,
            -1,
            -1,
            -1,
            -1,
            -1,
            -1,
        },
        Array{
            8707516,
            8707568,
            8707668,
            -1,
            -1,
            -1,
            -1,
            -1,
            -1,
            -1,
            -1,
            -1,
        },
    },
    Array{
        Array{
            8707792,
            -1,
            -1,
            -1,
            -1,
            -1,
            -1,
            -1,
            -1,
            -1,
            -1,
            -1,
        },
        Array{
            8707892,
            8707992,
            -1,
            -1,
            -1,
            -1,
            -1,
            -1,
            -1,
            -1,
            -1,
            -1,
        },
        Array{
            8708188,
            8708288,
            8708484,
            -1,
            -1,
            -1,
            -1,
            -1,
            -1,
            -1,
            -1,
            -1,
        },
        Array{
            8708776,
            8708876,
            8709072,
            8709364,
            -1,
            -1,
            -1,
            -1,
            -1,
            -1,
            -1,
            -1,
        },
        Array{
            8709632,
            8709732,
            8709928,
            8710220,
            -1,
            -1,
            -1,
            -1,
            -1,
            -1,
            -1,
            -1,
        },
        Array{
            8710488,
            8710588,
            8710784,
            8711076,
            -1,
            -1,
            -1,
            -1,
            -1,
            -1,
            -1,
            -1,
        },
        Array{
            8711344,
            8711444,
            8711640,
            8711932,
            -1,
            -1,
            -1,
            -1,
            -1,
            -1,
            -1,
            -1,
        },
        Array{
            8712200,
            8712300,
            8712496,
            8712788,
            -1,
            -1,
            -1,
            -1,
            -1,
            -1,
            -1,
            -1,
        },
        Array{
            8713056,
            8713156,
            8713352,
            8713644,
            -1,
            -1,
            -1,
            -1,
            -1,
            -1,
            -1,
            -1,
        },
        Array{
            8713912,
            8714012,
            8714208,
            8714500,
            -1,
            -1,
            -1,
            -1,
            -1,
            -1,
            -1,
            -1,
        },
        Array{
            8714768,
            8714868,
            8715064,
            8715356,
            -1,
            -1,
            -1,
            -1,
            -1,
            -1,
            -1,
            -1,
        },
        Array{
            8715624,
            8715724,
            8715920,
            8716212,
            -1,
            -1,
            -1,
            -1,
            -1,
            -1,
            -1,
            -1,
        },
        Array{
            8716480,
            8716580,
            8716776,
            8717068,
            -1,
            -1,
            -1,
            -1,
            -1,
            -1,
            -1,
            -1,
        },
    },
    Array{
        Array{
            8717336,
            -1,
            -1,
            -1,
            -1,
            -1,
            -1,
            -1,
            -1,
            -1,
            -1,
            -1,
        },
        Array{
            8717532,
            8717728,
            -1,
            -1,
            -1,
            -1,
            -1,
            -1,
            -1,
            -1,
            -1,
            -1,
        },
        Array{
            8718116,
            8718312,
            8718700,
            -1,
            -1,
            -1,
            -1,
            -1,
            -1,
            -1,
            -1,
            -1,
        },
        Array{
            8719280,
            8719476,
            8719864,
            8720444,
            -1,
            -1,
            -1,
            -1,
            -1,
            -1,
            -1,
            -1,
        },
        Array{
            8721120,
            8721316,
            8721704,
            8722284,
            8722960,
            -1,
            -1,
            -1,
            -1,
            -1,
            -1,
            -1,
        },
        Array{
            8723516,
            8723712,
            8724100,
            8724680,
            8725356,
            -1,
            -1,
            -1,
            -1,
            -1,
            -1,
            -1,
        },
        Array{
            8725912,
            8726108,
            8726496,
            8727076,
            8727752,
            -1,
            -1,
            -1,
            -1,
            -1,
            -1,
            -1,
        },
        Array{
            8728308,
            8728504,
            8728892,
            8729472,
            8730148,
            -1,
            -1,
            -1,
            -1,
            -1,
            -1,
            -1,
        },
        Array{
            8730704,
            8730900,
            8731288,
            8731868,
            8732544,
            -1,
            -1,
            -1,
            -1,
            -1,
            -1,
            -1,
        },
        Array{
            8733100,
            8733296,
            8733684,
            8734264,
            8734940,
            -1,
            -1,
            -1,
            -1,
            -1,
            -1,
            -1,
        },
        Array{
            8735496,
            8735692,
            8736080,
            8736660,
            8737336,
            -1,
            -1,
            -1,
            -1,
            -1,
            -1,
            -1,
        },
        Array{
            8737892,
            8738088,
            8738476,
            8739056,
            8739732,
            -1,
            -1,
            -1,
            -1,
            -1,
            -1,
            -1,
        },
        Array{
            8740288,
            8740484,
            8740872,
            8741452,
            8742128,
            -1,
            -1,
            -1,
            -1,
            -1,
            -1,
            -1,
        },
    },
    Array{
        Array{
            8742684,
            -1,
            -1,
            -1,
            -1,
            -1,
            -1,
            -1,
            -1,
            -1,
            -1,
            -1,
        },
        Array{
            8743072,
            8743460,
            -1,
            -1,
            -1,
            -1,
            -1,
            -1,
            -1,
            -1,
            -1,
            -1,
        },
        Array{
            8744232,
            8744620,
            8745392,
            -1,
            -1,
            -1,
            -1,
            -1,
            -1,
            -1,
            -1,
            -1,
        },
        Array{
            8746548,
            8746936,
            8747708,
            8748864,
            -1,
            -1,
            -1,
            -1,
            -1,
            -1,
            -1,
            -1,
        },
        Array{
            8750212,
            8750600,
            8751372,
            8752528,
            8753876,
            -1,
            -1,
            -1,
            -1,
            -1,
            -1,
            -1,
        },
        Array{
            8755320,
            8755708,
            8756480,
            8757636,
            8758984,
            8760428,
            -1,
            -1,
            -1,
            -1,
            -1,
            -1,
        },
        Array{
            8761560,
            8761948,
            8762720,
            8763876,
            8765224,
            8766668,
            -1,
            -1,
            -1,
            -1,
            -1,
            -1,
        },
        Array{
            8767800,
            8768188,
            8768960,
            8770116,
            8771464,
            8772908,
            -1,
            -1,
            -1,
            -1,
            -1,
            -1,
        },
        Array{
            8774040,
            8774428,
            8775200,
            8776356,
            8777704,
            8779148,
            -1,
            -1,
            -1,
            -1,
            -1,
            -1,
        },
        Array{
            8780280,
            8780668,
            8781440,
            8782596,
            8783944,
            8785388,
            -1,
            -1,
            -1,
            -1,
            -1,
            -1,
        },
        Array{
            8786520,
            8786908,
            8787680,
            8788836,
            8790184,
            8791628,
            -1,
            -1,
            -1,
            -1,
            -1,
            -1,
        },
        Array{
            8792760,
            8793148,
            8793920,
            8795076,
            8796424,
            8797868,
            -1,
            -1,
            -1,
            -1,
            -1,
            -1,
        },
        Array{
            8799000,
            8799388,
            8800160,
            8801316,
            8802664,
            8804108,
            -1,
            -1,
            -1,
            -1,
            -1,
            -1,
        },
    },
    Array{
        Array{
            8805240,
            -1,
            -1,
            -1,
            -1,
            -1,
            -1,
            -1,
            -1,
            -1,
            -1,
            -1,
        },
        Array{
            8806012,
            8806784,
            -1,
            -1,
            -1,
            -1,
            -1,
            -1,
            -1,
            -1,
            -1,
            -1,
        },
        Array{
            8808324,
            8809096,
            8810636,
            -1,
            -1,
            -1,
            -1,
            -1,
            -1,
            -1,
            -1,
            -1,
        },
        Array{
            8812944,
            8813716,
            8815256,
            8817564,
            -1,
            -1,
            -1,
            -1,
            -1,
            -1,
            -1,
            -1,
        },
        Array{
            8820256,
            8821028,
            8822568,
            8824876,
            8827568,
            -1,
            -1,
            -1,
            -1,
            -1,
            -1,
            -1,
        },
        Array{
            8830452,
            8831224,
            8832764,
            8835072,
            8837764,
            8840648,
            -1,
            -1,
            -1,
            -1,
            -1,
            -1,
        },
        Array{
            8843628,
            8844400,
            8845940,
            8848248,
            8850940,
            8853824,
            8856804,
            -1,
            -1,
            -1,
            -1,
            -1,
        },
        Array{
            8859088,
            8859860,
            8861400,
            8863708,
            8866400,
            8869284,
            8872264,
            -1,
            -1,
            -1,
            -1,
            -1,
        },
        Array{
            8874548,
            8875320,
            8876860,
            8879168,
            8881860,
            8884744,
            8887724,
            -1,
            -1,
            -1,
            -1,
            -1,
        },
        Array{
            8890008,
            8890780,
            8892320,
            8894628,
            8897320,
            8900204,
            8903184,
            -1,
            -1,
            -1,
            -1,
            -1,
        },
        Array{
            8905468,
            8906240,
            8907780,
            8910088,
            8912780,
            8915664,
            8918644,
            -1,
            -1,
            -1,
            -1,
            -1,
        },
        Array{
            8920928,
            8921700,
            8923240,
            8925548,
            8928240,
            8931124,
            8934104,
            -1,
            -1,
            -1,
            -1,
            -1,
        },
        Array{
            8936388,
            8937160,
            8938700,
            8941008,
            8943700,
            8946584,
            8949564,
            -1,
            -1,
            -1,
            -1,
            -1,
        },
    },
    Array{
        Array{
            8951848,
            -1,
            -1,
            -1,
            -1,
            -1,
            -1,
            -1,
            -1,
            -1,
            -1,
            -1,
        },
        Array{
            8953388,
            8954928,
            -1,
            -1,
            -1,
            -1,
            -1,
            -1,
            -1,
            -1,
            -1,
            -1,
        },
        Array{
            8958004,
            8959544,
            8962620,
            -1,
            -1,
            -1,
            -1,
            -1,
            -1,
            -1,
            -1,
            -1,
        },
        Array{
            8967232,
            8968772,
            8971848,
            8976460,
            -1,
            -1,
            -1,
            -1,
            -1,
            -1,
            -1,
            -1,
        },
        Array{
            8981840,
            8983380,
            8986456,
            8991068,
            8996448,
            -1,
            -1,
            -1,
            -1,
            -1,
            -1,
            -1,
        },
        Array{
            9002212,
            9003752,
            9006828,
            9011440,
            9016820,
            9022584,
            -1,
            -1,
            -1,
            -1,
            -1,
            -1,
        },
        Array{
            9028540,
            9030080,
            9033156,
            9037768,
            9043148,
            9048912,
            9054868,
            -1,
            -1,
            -1,
            -1,
            -1,
        },
        Array{
            9060920,
            9062460,
            9065536,
            9070148,
            9075528,
            9081292,
            9087248,
            9093300,
            -1,
            -1,
            -1,
            -1,
        },
        Array{
            9097888,
            9099428,
            9102504,
            9107116,
            9112496,
            9118260,
            9124216,
            9130268,
            -1,
            -1,
            -1,
            -1,
        },
        Array{
            9134856,
            9136396,
            9139472,
            9144084,
            9149464,
            9155228,
            9161184,
            9167236,
            -1,
            -1,
            -1,
            -1,
        },
        Array{
            9171824,
            9173364,
            9176440,
            9181052,
            9186432,
            9192196,
            9198152,
            9204204,
            -1,
            -1,
            -1,
            -1,
        },
        Array{
            9208792,
            9210332,
            9213408,
            9218020,
            9223400,
            9229164,
            9235120,
            9241172,
            -1,
            -1,
            -1,
            -1,
        },
        Array{
            9245760,
            9247300,
            9250376,
            9254988,
            9260368,
            9266132,
            9272088,
            9278140,
            -1,
            -1,
            -1,
            -1,
        },
    },
    Array{
        Array{
            9282728,
            -1,
            -1,
            -1,
            -1,
            -1,
            -1,
            -1,
            -1,
            -1,
            -1,
            -1,
        },
        Array{
            9285804,
            9288880,
            -1,
            -1,
            -1,
            -1,
            -1,
            -1,
            -1,
            -1,
            -1,
            -1,
        },
        Array{
            9295028,
            9298104,
            9304252,
            -1,
            -1,
            -1,
            -1,
            -1,
            -1,
            -1,
            -1,
            -1,
        },
        Array{
            9313472,
            9316548,
            9322696,
            9331916,
            -1,
            -1,
            -1,
            -1,
            -1,
            -1,
            -1,
            -1,
        },
        Array{
            9342672,
            9345748,
            9351896,
            9361116,
            9371872,
            -1,
            -1,
            -1,
            -1,
            -1,
            -1,
            -1,
        },
        Array{
            9383396,
            9386472,
            9392620,
            9401840,
            9412596,
            9424120,
            -1,
            -1,
            -1,
            -1,
            -1,
            -1,
        },
        Array{
            9436028,
            9439104,
            9445252,
            9454472,
            9465228,
            9476752,
            9488660,
            -1,
            -1,
            -1,
            -1,
            -1,
        },
        Array{
            9500760,
            9503836,
            9509984,
            9519204,
            9529960,
            9541484,
            9553392,
            9565492,
            -1,
            -1,
            -1,
            -1,
        },
        Array{
            9577688,
            9580764,
            9586912,
            9596132,
            9606888,
            9618412,
            9630320,
            9642420,
            9654616,
            -1,
            -1,
            -1,
        },
        Array{
            9663812,
            9666888,
            9673036,
            9682256,
            9693012,
            9704536,
            9716444,
            9728544,
            9740740,
            -1,
            -1,
            -1,
        },
        Array{
            9749936,
            9753012,
            9759160,
            9768380,
            9779136,
            9790660,
            9802568,
            9814668,
            9826864,
            -1,
            -1,
            -1,
        },
        Array{
            9836060,
            9839136,
            9845284,
            9854504,
            9865260,
            9876784,
            9888692,
            9900792,
            9912988,
            -1,
            -1,
            -1,
        },
        Array{
            9922184,
            9925260,
            9931408,
            9940628,
            9951384,
            9962908,
            9974816,
            9986916,
            9999112,
            -1,
            -1,
            -1,
        },
    },
    Array{
        Array{
            10008308,
            -1,
            -1,
            -1,
            -1,
            -1,
            -1,
            -1,
            -1,
            -1,
            -1,
            -1,
        },
        Array{
            10014456,
            10020604,
            -1,
            -1,
            -1,
            -1,
            -1,
            -1,
            -1,
            -1,
            -1,
            -1,
        },
        Array{
            10032896,
            10039044,
            10051336,
            -1,
            -1,
            -1,
            -1,
            -1,
            -1,
            -1,
            -1,
            -1,
        },
        Array{
            10069772,
            10075920,
            10088212,
            10106648,
            -1,
            -1,
            -1,
            -1,
            -1,
            -1,
            -1,
            -1,
        },
        Array{
            10128156,
            10134304,
            10146596,
            10165032,
            10186540,
            -1,
            -1,
            -1,
            -1,
            -1,
            -1,
            -1,
        },
        Array{
            10209584,
            10215732,
            10228024,
            10246460,
            10267968,
            10291012,
            -1,
            -1,
            -1,
            -1,
            -1,
            -1,
        },
        Array{
            10314824,
            10320972,
            10333264,
            10351700,
            10373208,
            10396252,
            10420064,
            -1,
            -1,
            -1,
            -1,
            -1,
        },
        Array{
            10444260,
            10450408,
            10462700,
            10481136,
            10502644,
            10525688,
            10549500,
            10573696,
            -1,
            -1,
            -1,
            -1,
        },
        Array{
            10598084,
            10604232,
            10616524,
            10634960,
            10656468,
            10679512,
            10703324,
            10727520,
            10751908,
            -1,
            -1,
            -1,
        },
        Array{
            10776392,
            10782540,
            10794832,
            10813268,
            10834776,
            10857820,
            10881632,
            10905828,
            10930216,
            10954700,
            -1,
            -1,
        },
        Array{
            10973112,
            10979260,
            10991552,
            11009988,
            11031496,
            11054540,
            11078352,
            11102548,
            11126936,
            11151420,
            -1,
            -1,
        },
        Array{
            11169832,
            11175980,
            11188272,
            11206708,
            11228216,
            11251260,
            11275072,
            11299268,
            11323656,
            11348140,
            -1,
            -1,
        },
        Array{
            11366552,
            11372700,
            11384992,
            11403428,
            11424936,
            11447980,
            11471792,
            11495988,
            11520376,
            11544860,
            -1,
            -1,
        },
    },
    Array{
        Array{
            11563272,
            -1,
            -1,
            -1,
            -1,
            -1,
            -1,
            -1,
            -1,
            -1,
            -1,
            -1,
        },
        Array{
            11575564,
            11587856,
            -1,
            -1,
            -1,
            -1,
            -1,
            -1,
            -1,
            -1,
            -1,
            -1,
        },
        Array{
            11612436,
            11624728,
            11649308,
            -1,
            -1,
            -1,
            -1,
            -1,
            -1,
            -1,
            -1,
            -1,
        },
        Array{
            11686176,
            11698468,
            11723048,
            11759916,
            -1,
            -1,
            -1,
            -1,
            -1,
            -1,
            -1,
            -1,
        },
        Array{
            11802928,
            11815220,
            11839800,
            11876668,
            11919680,
            -1,
            -1,
            -1,
            -1,
            -1,
            -1,
            -1,
        },
        Array{
            11965764,
            11978056,
            12002636,
            12039504,
            12082516,
            12128600,
            -1,
            -1,
            -1,
            -1,
            -1,
            -1,
        },
        Array{
            12176220,
            12188512,
            12213092,
            12249960,
            12292972,
            12339056,
            12386676,
            -1,
            -1,
            -1,
            -1,
            -1,
        },
        Array{
            12435064,
            12447356,
            12471936,
            12508804,
            12551816,
            12597900,
            12645520,
            12693908,
            -1,
            -1,
            -1,
            -1,
        },
        Array{
            12742680,
            12754972,
            12779552,
            12816420,
            12859432,
            12905516,
            12953136,
            13001524,
            13050296,
            -1,
            -1,
            -1,
        },
        Array{
            13099260,
            13111552,
            13136132,
            13173000,
            13216012,
            13262096,
            13309716,
            13358104,
            13406876,
            13455840,
            -1,
            -1,
        },
        Array{
            13504900,
            13517192,
            13541772,
            13578640,
            13621652,
            13667736,
            13715356,
            13763744,
            13812516,
            13861480,
            13910540,
            -1,
        },
        Array{
            13947384,
            13959676,
            13984256,
            14021124,
            14064136,
            14110220,
            14157840,
            14206228,
            14255000,
            14303964,
            14353024,
            -1,
        },
        Array{
            14389868,
            14402160,
            14426740,
            14463608,
            14506620,
            14552704,
            14600324,
            14648712,
            14697484,
            14746448,
            14795508,
            -1,
        },
    },
    Array{
        Array{
            14832352,
            -1,
            -1,
            -1,
            -1,
            -1,
            -1,
            -1,
            -1,
            -1,
            -1,
            -1,
        },
        Array{
            14856932,
            14881512,
            -1,
            -1,
            -1,
            -1,
            -1,
            -1,
            -1,
            -1,
            -1,
            -1,
        },
        Array{
            14930668,
            14955248,
            15004404,
            -1,
            -1,
            -1,
            -1,
            -1,
            -1,
            -1,
            -1,
            -1,
        },
        Array{
            15078136,
            15102716,
            15151872,
            15225604,
            -1,
            -1,
            -1,
            -1,
            -1,
            -1,
            -1,
            -1,
        },
        Array{
            15311624,
            15336204,
            15385360,
            15459092,
            15545112,
            -1,
            -1,
            -1,
            -1,
            -1,
            -1,
            -1,
        },
        Array{
            15637276,
            15661856,
            15711012,
            15784744,
            15870764,
            15962928,
            -1,
            -1,
            -1,
            -1,
            -1,
            -1,
        },
        Array{
            16058164,
            16082744,
            16131900,
            16205632,
            16291652,
            16383816,
            16479052,
            -1,
            -1,
            -1,
            -1,
            -1,
        },
        Array{
            16575824,
            16600404,
            16649560,
            16723292,
            16809312,
            16901476,
            16996712,
            17093484,
            -1,
            -1,
            -1,
            -1,
        },
        Array{
            17191024,
            17215604,
            17264760,
            17338492,
            17424512,
            17516676,
            17611912,
            17708684,
            17806224,
            -1,
            -1,
            -1,
        },
        Array{
            17904148,
            17928728,
            17977884,
            18051616,
            18137636,
            18229800,
            18325036,
            18421808,
            18519348,
            18617272,
            -1,
            -1,
        },
        Array{
            18715388,
            18739968,
            18789124,
            18862856,
            18948876,
            19041040,
            19136276,
            19233048,
            19330588,
            19428512,
            19526628,
            -1,
        },
        Array{
            19624840,
            19649420,
            19698576,
            19772308,
            19858328,
            19950492,
            20045728,
            20142500,
            20240040,
            20337964,
            20436080,
            20534292,
        },
        Array{
            20608000,
            20632580,
            20681736,
            20755468,
            20841488,
            20933652,
            21028888,
            21125660,
            21223200,
            21321124,
            21419240,
            21517452,
        },
    },
    Array{
        Array{
            21591160,
            -1,
            -1,
            -1,
            -1,
            -1,
            -1,
            -1,
            -1,
            -1,
            -1,
            -1,
        },
        Array{
            21640316,
            21689472,
            -1,
            -1,
            -1,
            -1,
            -1,
            -1,
            -1,
            -1,
            -1,
            -1,
        },
        Array{
            21787780,
            21836936,
            21935244,
            -1,
            -1,
            -1,
            -1,
            -1,
            -1,
            -1,
            -1,
            -1,
        },
        Array{
            22082704,
            22131860,
            22230168,
            22377628,
            -1,
            -1,
            -1,
            -1,
            -1,
            -1,
            -1,
            -1,
        },
        Array{
            22549664,
            22598820,
            22697128,
            22844588,
            23016624,
            -1,
            -1,
            -1,
            -1,
            -1,
            -1,
            -1,
        },
        Array{
            23200948,
            23250104,
            23348412,
            23495872,
            23667908,
            23852232,
            -1,
            -1,
            -1,
            -1,
            -1,
            -1,
        },
        Array{
            24042700,
            24091856,
            24190164,
            24337624,
            24509660,
            24693984,
            24884452,
            -1,
            -1,
            -1,
            -1,
            -1,
        },
        Array{
            25077992,
            25127148,
            25225456,
            25372916,
            25544952,
            25729276,
            25919744,
            26113284,
            -1,
            -1,
            -1,
            -1,
        },
        Array{
            26308360,
            26357516,
            26455824,
            26603284,
            26775320,
            26959644,
            27150112,
            27343652,
            27538728,
            -1,
            -1,
            -1,
        },
        Array{
            27734572,
            27783728,
            27882036,
            28029496,
            28201532,
            28385856,
            28576324,
            28769864,
            28964940,
            29160784,
            -1,
            -1,
        },
        Array{
            29357012,
            29406168,
            29504476,
            29651936,
            29823972,
            30008296,
            30198764,
            30392304,
            30587380,
            30783224,
            30979452,
            -1,
        },
        Array{
            31175872,
            31225028,
            31323336,
            31470796,
            31642832,
            31827156,
            32017624,
            32211164,
            32406240,
            32602084,
            32798312,
            32994732,
        },
        Array{
            33191248,
            33240404,
            33338712,
            33486172,
            33658208,
            33842532,
            34033000,
            34226540,
            34421616,
            34617460,
            34813688,
            35010108,
        },
    },
};
